979377799384875169646222747246774634881661
582495286557794818417784156298478279175979
424362242644416533769943769712176893252363
865763634289582292389326764849121312867432
266688568736251281222654956912427973381415
568829281121569119612595683763424368138174
488681572824682272698151977249166811655722
976825951665214282722482371616579883141454
132363863856419628268141275494244574597747
411762942388684215935691993372358645256758
584493335922259692585841289183178421511331
134654749731913344973639295698245656468958
364691118168478987322647712297333624785617
897719275311344688848393632919345739984976
633582885219172625542416467262123148387632
324595725446897167991347332737257957918399
428822657956315365596667389513413355423425
945477223318274454857741169788236741748367
734658683518641759871838638149162372386159
585678664376842224296146147967763613886773
365826243747629463968856282574423492433657
319342881873829274788972579275476575871685
127473562716623826826713985654448684968537
521829148446917144178368762683487669272264
639197292281318347728451674193784134558343
269511769441165393525771921659564631491883
788724843359221871679884274315559191346349
734561399324548561679756265835399877286848
793753785718163857888264252548269163873929
333863151642122683486434182986891522649796
973819998355386297873784689812442927873284
529288217388965946823135926564873531144765
137584492249461696341554675536118858911986
896591497458491371681334851285155461773229
167819815973354941232488926798233275913731
118487491333864932234446639833256874573947
725379782791115559394783489566455241931372
384494617498555929773873554539527418831299
246956123989246963691458622178586349355384
858617786961758437286798283452921792931371
796786946987166516975783415757362352749344
743311999444495955175144126883993264433774
474733253555598492952771998264811532357733
468659398888149829883151385953727841228293
116562251927523292586357914822642462965498
224462277678351865242726535394982838537628
983597414524767642748593557989812476951173
412816863825444371998371299219747379922511
533632966428948261863958488514855961597536
124559156914277478434783328318211482731758
263486598175926381245526311243124723266941
219245526187435322871992831128911274965575
848548867876653413522534232113322227342344
758199612647358291339857183563221318861292
387855562881986779654597517415162967296129
976326311859929678182649148488598338744189
587411354428498333791144628445818876168585
138985839499873256811447881498481545789281
771511953427286515535511227889975526649465
996185531172492982925455424283541689595122
757677349495377925286993262125348334996264
615194914456762798417715197276383997545444
599276281395116797895554798992956216624337
329829592918499532516612153211583499736328
293191847894882513286956511353685427421993
679756978342736239998284652311464798423227
361441247482384762211395494349558487278197
235521446695632559658947641243815539722216
639718836211969786645889716541995872653178
448445386559374544523377932643143995997886
426461729593958956332195263657921981662748
281991852177945958752113232751667555435395
869541794944349547123613736127913427163113
179478943893787742347554264453725831876793
746919989914832476982348994483885971374211
162887532998872981124527363493438232194469
819657896116379918534296277747321594166896
891359522297675533912424188821216369525937
163196298529277548731797238882836162452685
245123935241438271155884566961953787235769
117437588933537625735178156436214772238728
573792984885122137211352582699384256838337
215774563682532767511378465791384456412877
854939635798372341778781613547617258915994
971444633736585338388554375413482487958238
935864936432684321873546145184771823935436
313822371513427139191458357984184818964177
453214964372582742959794699245539792863228
558372167453471113717769959449357266761119
165882852449174571368823479681747852644819
642352187357348521556921789644615542579794
378318436628322962717734844436422381523894
388366411747978254534357647495768266425152
773429727782242537753438267925897883861139
381449465171527254786172721555389249667635
421189987626617921948395378855515539534238
779338418318158344257822794414537767691612
726529183744667477112148491228944623843879
842765162352929515428873358625615138681938
379968178433361538178442115988493348845867
817241761659645733139742699374639771565851
662717563839776513295271652127166535783427
895181833794874896942458188389442811532822
311264182472974548545922742836253721746753
734172536585444181919358424894322288911399
345573729953286776218885234254398622489393
264546478976742655582573786274544249869956
788837765971536763578372715989177113544866
659628699828321553252444263625991937897331
741558815793688394279747156471292747892342
635748762858462179115328116185294774483744
166565437631426132479136441134651641226473
913127743468871446482136426773861815534525
128399139911385284543634853791667263326236
959628596573914437936755645569722246638865
853573872393566899451255493366685972225613
347124713939969223778272223338242766791834
634114623522834844578345279177361522383532
271939572644175576269289619291458681766893
763676429238729445966534225743783724288435
411144152786951183378624513439282765426232
258977818756592165462554223533156792629674
919997817774123128819343387349176116513326
229136863952232227456847244189252416294714
863664975366421192693598646725779896157882
141866366955936486284178234747176681893729
955657542617821841275267552377322391712527
956334647422673138621934316287811977862755
812621499838261125447714682412241852285329
623189531871197556515773837328152389323763
958691482534434675692346822775936825365855
817245674837386213867944445195471125134872
757924564619979161245616677694616544496181
182235361262628149751634799256841626241579
869893284572729413485111725824988188334561
791258997429643764462972763747783277763688
498513661143325953994299148966758255476243
298442569655328142959933342288311191146149
869932575293862668117368132499387734976421
731672713833253111181215123536277622312763
953783963316235992575871764422389947789365
871499944524211474897314254298813656439766
684273299944716738943316439495342374911445
776447837356259331222317388681886271729892
162423288841715423254164341941654128768814
575149764395285888927498243912917516414693
572482512193217553674539162833219164539136
777639131628827628755858434946791123579962
188415234327887333148136239786927157337395
798869941252121646774312629382858877298127
954837462667439765142219256616636664918396
726175676351175915984338475816716668246535
935317986381493951671329149683475732492575
958724435362715655256733428294382921696598
248116426118455316499931793215788515426722
415187153472134962454117532998665386681931
666328181623518237859113363699772971898634
993641569337254112688425736498163841515431
892743899754391693237134564768788356669455
244687758135984117968112386771851181168617
625758274662634168661172643697893594174241
783824819859579338781663331841974782955286
352753965781765217596685314539274287771363
274664155823762259934559167975983681973513
